% Size = 212 212 
% Nonzeros = 8272 
zzz = zeros(8272,3);
zzz = [
1 1  3.4966275856377636e+06
1 2  6.2496511147964052e-04
1 3  -6.8376850729061573e-04
1 19  -7.9474533730140526e+05
1 20  -5.0136733268254174e-04
1 21  4.4999610479543774e-06
1 31  -7.8630317423349293e+05
1 32  7.3084339746986806e-07
1 33  -4.2955824145708590e-04
1 43  -7.9474534103432228e+05
1 44  -8.7747244970265859e-04
1 45  2.5019193035777926e-05
1 55  -7.8630317463837657e+05
1 56  -3.2809992296254487e-05
1 57  9.5060551878415602e-04
1 94  -8.2905423590562743e+04
1 95  -2.4812478446256583e-04
1 96  -2.8721447482690061e-04
1 100  -8.4359850793616642e+04
1 101  2.1411782789300038e-04
1 102  3.0327708588191060e-04
1 106  -8.2905423582363816e+04
1 107  4.9884719906309410e-04
1 108  1.0621152973486076e-04
1 112  -8.4359852156265464e+04
1 113  1.4098730394534358e-04
1 114  -5.4602764160525727e-05
1 142  -6.9576708280595645e-03
1 143  6.6376381430727866e-04
1 144  1.3566240917316720e-03
1 145  -1.3496307737494648e-03
1 146  -4.8363754094180717e-04
1 147  -1.2910933924812035e-03
1 160  7.3096056180297964e-02
1 166  1.1390559720037240e-02
1 170  1.1370931988838888e-02
1 174  3.3351029631943897e-02
1 178  5.0382003709255529e-03
1 191  1.0409756113303921e-02
1 193  1.8450174882608743e-02
1 195  9.6670983995122590e-03
1 197  2.0764853323584936e-02
1 207  6.0734864248273762e-02
1 208  3.8110699861864675e-02
2 1  6.2496511147964052e-04
2 2  3.4966275847477275e+06
2 3  -5.3057657110141643e-04
2 19  1.0029724645517894e-03
2 20  -7.9474533914046595e+05
2 21  -3.3172798752434542e-05
2 31  -3.5665759264145091e-05
2 32  -7.8630317456277460e+05
2 33  3.3070278536220300e-05
2 43  -2.3818122469369896e-03
2 44  -7.9474534197738138e+05
2 45  4.6142200235860356e-04
2 55  3.5866103653605242e-06
2 56  -7.8630317479249230e+05
2 57  4.8729765973960001e-05
2 94  5.8520854886708073e-04
2 95  -8.2905423986007052e+04
2 96  -7.5595350594107524e-04
2 100  -6.1921550543664599e-04
2 101  -8.4359851009772319e+04
2 102  7.4548160817938119e-04
2 106  -3.3448613426655290e-04
2 107  -8.2905424160660652e+04
2 108  -9.2554630708679780e-04
2 112  9.7432063727498992e-04
2 113  -8.4359852820144908e+04
2 114  1.0980914740971370e-03
2 142  6.6376381430727801e-04
2 143  -3.3438061611167792e-03
2 144  6.2240406327480980e-05
2 145  -4.8363754094180738e-04
2 146  1.0458342666820083e-03
2 147  -2.0378635259105880e-04
2 160  8.6736173798840355e-19
2 166  -1.7029841058199210e-02
2 170  4.1397480026480311e-04
2 174  2.8081896816955269e-02
2 178  -5.0227361772037444e-04
2 191  -7.7249190943692531e-03
2 193  7.7279632741599352e-03
2 195  9.7709787866078601e-03
2 197  -2.0791916764043648e-02
2 207  -8.8819803319163289e-03
2 208  8.9361171882609489e-03
3 1  -6.8376850729061573e-04
3 2  -5.3057657110141643e-04
3 3  3.4966275842117835e+06
3 19  4.2623448781341775e-05
3 20  -3.3416333135690237e-05
3 21  -7.9474533759482624e+05
3 31  9.8994420853343659e-04
3 32  3.3313812919475432e-05
3 33  -7.8630317593370960e+05
3 43  -1.3104294697608983e-05
3 44  4.6117846797534833e-04
3 45  -7.9474534031383519e+05
3 55  -4.6889693120636652e-04
3 56  4.8973300357215580e-05
3 57  -7.8630317670324747e+05
3 94  5.4611885850274595e-04
3 95  -7.5595350594107502e-04
3 96  -8.2905424079174438e+04
3 100  1.1366104192115571e-03
3 101  7.4548160817938152e-04
3 102  -8.4359850760943693e+04
3 106  -7.2712180359478539e-04
3 107  -9.2554630708679780e-04
3 108  -8.2905424055214418e+04
3 112  -8.8793609749017238e-04
3 113  1.0980914740971364e-03
3 114  -8.4359852171080478e+04
3 142  1.3566240917316716e-03
3 143  6.2240406327480858e-05
3 144  -3.5465745224019045e-03
3 145  -1.2910933924812026e-03
3 146  -2.0378635259105847e-04
3 147  9.4687881895424693e-04
3 160  3.4694469519536142e-18
3 166  -4.2973199601309007e-04
3 170  -1.6069330309174887e-02
3 174  -5.8515734365714167e-03
3 178  1.9555442097629064e-02
3 191  -7.7249190943692583e-03
3 193  -7.7279632741599404e-03
3 195  9.7709787866078618e-03
3 197  1.3151014891589864e-02
3 207  -1.9993094412755472e-02
3 208  1.5319176747217268e-02
4 4  3.7404525162280407e+06
4 5  -8.0501560028630706e-04
4 6  -4.6153109424295962e-06
4 22  -9.3511312987736682e+05
4 23  2.1408366204732849e-03
4 24  1.2329348138853625e-06
4 25  -9.3511312959717540e+05
4 26  -1.0951922284273105e-03
4 27  1.7908003424089861e-06
4 37  -9.3511312801205390e+05
4 38  5.6654579685567160e-06
4 39  1.5180548873727981e-06
4 70  -9.3511312804185506e+05
4 71  -5.4280939762768526e-06
4 72  1.4544533973331241e-06
4 139  -6.9956551486382397e-04
4 140  -2.4086615575194710e-04
4 141  -1.3809324985713785e-06
4 161  2.5346044707497128e-14
4 167  -1.8656910594643673e-02
4 168  1.8656910594669021e-02
4 172  1.2087553180606392e-14
4 183  1.3258491526890737e-14
4 206  2.5349514154449082e-14
5 4  -8.0501560028630706e-04
5 5  3.7404525170582449e+06
5 6  9.3360407310366222e-05
5 22  4.7416995381223512e-04
5 23  -9.3511312925501470e+05
5 24  4.6013753731657839e-06
5 25  5.7147443823373932e-04
5 26  -9.3511312757149455e+05
5 27  -6.6833578618618922e-06
5 37  5.6654579685567313e-06
5 38  -9.3511312793428637e+05
5 39  -6.0249526130092976e-05
5 70  -5.4280939762767620e-06
5 71  -9.3511312812407932e+05
5 72  -5.8962969039900903e-05
5 139  -2.4086615575194710e-04
5 140  -4.1733461906342103e-03
5 141  2.7934070348323487e-05
5 161  4.1666666666385827e-02
5 167  2.9249529259189552e-02
5 168  1.2417137407196270e-02
5 172  1.9873814280798076e-02
5 183  2.1792852385587740e-02
5 206  4.1666666666385820e-02
6 4  -4.6153109424295962e-06
6 5  9.3360407310366222e-05
6 6  3.7404525162280407e+06
6 22  1.2329348148992813e-06
6 23  4.6013753731659194e-06
6 24  -9.3511312838481390e+05
6 25  1.7908003413954197e-06
6 26  -6.6833578618620277e-06
6 27  -9.3511312810462271e+05
6 37  1.5180548883863111e-06
6 38  1.6064171405309568e-03
6 39  -9.3511312950460671e+05
6 70  1.4544533963192037e-06
6 71  -1.7256296357009500e-03
6 72  -9.3511312953440798e+05
6 139  -1.3809324985714327e-06
6 140  2.7934070348323596e-05
6 141  -6.9956551486368530e-04
6 161  -2.5346044707497128e-14
6 167  -1.7793058693094110e-14
6 168  -7.5564554613549717e-15
6 172  -1.8656910594673559e-02
6 183  1.8656910594648215e-02
6 206  -2.5340840537069198e-14
7 7  3.4948330123355491e+06
7 8  -3.0583077280963507e-04
7 9  -7.4468505577370814e-05
7 28  -7.8778664943985071e+05
7 29  1.1715085326898015e-03
7 30  1.1966476216858801e-05
7 76  -7.9126554453436332e+05
7 77  5.7352295765727708e-07
7 78  1.1511934574210947e-03
7 82  -7.8778664908305765e+05
7 83  -1.0796196572371987e-03
7 84  -1.1404693215453981e-06
7 88  -7.9126554441168322e+05
7 89  -1.6081318897230736e-05
7 90  -1.2147909714094530e-03
7 118  -8.4359851946074021e+04
7 119  2.6117184644555637e-04
7 120  2.0693815866836265e-04
7 124  -8.4004457708915070e+04
7 125  -2.2353929167265210e-04
7 126  2.7556691786288632e-04
7 130  -8.4359851729905058e+04
7 131  -3.1380116224409143e-04
7 132  -1.3349588640789613e-04
7 136  -8.4004457716011428e+04
7 137  3.1435343247913694e-04
7 138  -4.3790848503413784e-04
7 139  -1.8410742945900386e-03
7 140  -1.8609769748751644e-03
7 141  -1.1686200449098310e-04
7 148  -5.8977644392451344e-04
7 149  1.7734804094317823e-04
7 150  -1.9533982632442635e-03
7 151  -5.8113692173634220e-04
7 152  -1.8961684929696344e-04
7 153  1.9462634478424668e-03
7 154  -2.7535931179834203e-03
7 155  2.0645106515176058e-03
7 156  3.4013612747398113e-04
7 162  -7.3128640226258063e-02
7 169  -2.9406728592034389e-03
7 185  -3.5393418165618209e-03
7 187  -3.8886689443549793e-03
7 189  -2.7773954031029002e-03
7 199  -1.2004111507491507e-02
7 201  -1.1659633600268532e-02
7 203  -1.2064359824202368e-02
7 205  -8.8402321095776941e-03
7 206  -4.6403760876280432e-02
7 209  -3.4807442168238209e-02
7 210  -3.1491856254461437e-02
7 211  -4.8968445315030855e-02
8 7  -3.0583077280963507e-04
8 8  3.4948330146533386e+06
8 9  9.0632702335080592e-05
8 28  -2.7378314231366459e-04
8 29  -7.8778665181700501e+05
8 30  -3.2736686537569151e-05
8 76  2.3225118869466471e-05
8 77  -7.9126554450442945e+05
8 78  2.9568182750085679e-05
8 82  3.6567201776626767e-04
8 83  -7.8778665123990760e+05
8 84  -2.5908285190695641e-05
8 88  -3.8732914809040079e-05
8 89  -7.9126554438916955e+05
8 90  2.2710364961735859e-05
8 118  -5.7216148688584703e-04
8 119  -8.4359852703606215e+04
8 120  -1.6280200211676056e-03
8 124  6.0979404165875087e-04
8 125  -8.4004458713147804e+04
8 126  1.4801655814938339e-03
8 130  5.1953217108731203e-04
8 131  -8.4359852435706794e+04
8 132  -1.4354167429511118e-03
8 136  -5.1897990085226651e-04
8 137  -8.4004458716675057e+04
8 138  1.4953420396918156e-03
8 139  -1.8609769748751644e-03
8 140  -7.4596217140433406e-04
8 141  -2.3840567903438311e-05
8 148  1.7734804094317785e-04
8 149  1.2865690844315433e-03
8 150  2.2972347286330378e-04
8 151  -1.8961684929696293e-04
8 152  1.0530076376926681e-03
8 153  5.0861416709834688e-05
8 154  2.0645106515176054e-03
8 155  -1.7271976674947357e-03
8 156  -2.5308145705527053e-04
8 162  -1.3877787807814457e-17
8 169  -2.3993202309091834e-02
8 185  3.7077648251101028e-04
8 187  2.0798463228821645e-02
8 189  -3.3699502763652684e-04
8 199  -2.2471955786031943e-02
8 201  2.3476000772384459e-02
8 203  1.9151547328493272e-02
8 205  -2.2973585309450980e-02
8 206  -3.9776788267328868e-02
8 209  4.0765185937778076e-03
8 210  -8.8177951350762104e-04
8 211  4.2560999807059560e-02
9 7  -7.4468505577370814e-05
9 8  9.0632702335080592e-05
9 9  3.4948330146437292e+06
9 28  -1.0261596883206695e-05
9 29  -3.2676947375088463e-05
9 30  -7.8778664940373413e+05
9 76  -3.2866047663253665e-04
9 77  2.9508443587604937e-05
9 78  -7.9126554695128789e+05
9 82  2.1087603778520165e-05
9 83  -2.5848546028215671e-05
9 84  -7.8778664915003744e+05
9 88  2.6506296264417817e-04
9 89  2.2650625799255821e-05
9 90  -7.9126554665907030e+05
9 118  -6.2639517466304062e-04
9 119  -1.6280200211676059e-03
9 120  -8.4359852937310701e+04
9 124  -5.5776641546851692e-04
9 125  1.4801655814938352e-03
9 126  -8.4004458326516135e+04
9 130  6.9983744692350724e-04
9 131  -1.4354167429511122e-03
9 132  -8.4359852684896119e+04
9 136  3.9542484829726535e-04
9 137  1.4953420396918151e-03
9 138  -8.4004458391830980e+04
9 139  -1.1686200449098382e-04
9 140  -2.3840567903438267e-05
9 141  6.1156399248924061e-04
9 148  -1.9533982632442639e-03
9 149  2.2972347286330416e-04
9 150  -4.7673238801567092e-05
9 151  1.9462634478424670e-03
9 152  5.0861416709834905e-05
9 153  -5.2571932894748764e-04
9 154  3.4013612747398118e-04
9 155  -2.5308145705527042e-04
9 156  -1.7710905355380262e-04
9 162  -8.4567769453869346e-18
9 169  -3.6912848623694679e-04
9 185  -2.4232573976307500e-02
9 187  3.2003371696170794e-04
9 189  2.2023584502476504e-02
9 199  -2.5253836296823214e-02
9 201  -1.9481629815189264e-02
9 203  2.2792742611844677e-02
9 205  1.9270627900226801e-02
9 206  -1.9443102696541522e-03
9 209  -4.1002115721802609e-02
9 210  4.1051210491077850e-02
9 211  6.8253953434261293e-03
10 10  3.7404525164944306e+06
10 11  1.2841037207710526e-05
10 12  -8.5562553231490206e-04
10 34  -9.3511312997830659e+05
10 35  -3.3891878971197562e-06
10 36  2.1652232493030751e-03
10 40  -9.3511312813021464e+05
10 41  -3.8759471572799676e-06
10 42  -1.4465231718927613e-05
10 49  -9.3511312805842911e+05
10 50  -4.3358904260820818e-06
10 51  1.6181763366740560e-05
10 73  -9.3511312972752401e+05
10 74  -4.9586162460919184e-06
10 75  -1.0635357460522391e-03
10 148  -5.9993162562564726e-04
10 149  3.7186045188627504e-06
10 150  -2.4777850258374750e-04
10 163  2.5349514154449082e-14
10 171  -1.9276639553734244e-02
10 173  1.4240345014293609e-14
10 176  1.1110903863631449e-14
10 184  1.9276639553759592e-02
10 209  2.5347779430973105e-14
11 10  1.2841037207710526e-05
11 11  3.7404525164944306e+06
11 12  -2.5490503295572472e-04
11 34  -3.3891878981339053e-06
11 35  -9.3511312843617541e+05
11 36  -1.2648621433864184e-05
11 40  -3.8759471562654999e-06
11 41  -9.3511312967234582e+05
11 42  1.8235341281137248e-03
11 49  -4.3358904270958312e-06
11 50  -9.3511312960056029e+05
11 51  -1.5006689572228758e-03
11 73  -4.9586162450778099e-06
11 74  -9.3511312818539282e+05
11 75  1.8505807763558393e-05
11 148  3.7186045188628588e-06
11 149  -5.9993162562553396e-04
11 150  -7.3817324264818367e-05
11 163  2.5349514154449082e-14
11 171  1.8023776915399026e-14
11 173  -1.9276639553738026e-02
11 176  1.9276639553763374e-02
11 184  7.3222677920981027e-15
11 209  2.5347779430973105e-14
12 10  -8.5562553231490206e-04
12 11  -2.5490503295572472e-04
12 12  3.7404525172017422e+06
12 34  4.9855658264202538e-04
12 35  -1.2648621433864143e-05
12 36  -9.3511312933429691e+05
12 40  -1.4465231718927823e-05
12 41  1.5686746145267500e-04
12 42  -9.3511312835615384e+05
12 49  1.6181763366740560e-05
12 50  1.6599770943817404e-04
12 51  -9.3511312786411808e+05
12 73  6.0313092060881098e-04
12 74  1.8505807763558285e-05
12 75  -9.3511312764952751e+05
12 148  -2.4777850258374799e-04
12 149  -7.3817324264818665e-05
12 150  -3.9976212036712056e-03
12 163  4.1666666666385833e-02
12 171  2.9625992979704856e-02
12 173  2.3410147131113310e-02
12 176  1.8256519535272523e-02
12 184  1.2040673686680978e-02
12 209  4.1666666666385840e-02
13 13  3.7404525177766127e+06
13 14  2.5226087616302909e-04
13 15  -2.5404849733867035e-04
13 46  -9.3511312943292828e+05
13 47  -8.9950368428876840e-04
13 48  -1.0797923389755390e-05
13 52  -9.3511312891391432e+05
13 53  2.3544936183556139e-04
13 54  1.7573644026813162e-04
13 61  -9.3511312909413641e+05
13 62  -2.4145975884632811e-04
13 63  1.7412595924357174e-04
13 79  -9.3511313001564355e+05
13 80  8.0001888444799964e-04
13 81  -7.9987260298358068e-06
13 154  3.6980134485960437e-04
13 155  1.4009172218055939e-03
13 156  -3.9263889216204569e-05
13 157  -6.8975740661431019e-04
13 158  -1.5476829011170871e-03
13 159  -3.7753363537237927e-05
13 164  2.5347779430973105e-14
13 175  -1.6993578466080426e-02
13 177  2.9853113328835723e-03
13 180  -2.9853113328582211e-03
13 186  1.9779084682662689e-02
13 211  1.6993578466105771e-02
13 212  -1.9779084682637341e-02
14 13  2.5226087616302909e-04
14 14  3.7404525173990987e+06
14 15  -8.3568142324190204e-05
14 46  7.6716298237228145e-04
14 47  -9.3511312743488001e+05
14 48  4.0298398708689029e-05
14 52  2.3544936183556156e-04
14 53  -9.3511312884863769e+05
14 54  6.4781893483755734e-05
14 61  -2.4145975884632792e-04
14 62  -9.3511312909438286e+05
14 63  4.3401531873290839e-05
14 79  -8.6664778221305031e-04
14 80  -9.3511312782274291e+05
14 81  -2.9851651937736119e-05
14 154  1.4009172218055934e-03
14 155  -1.6559820576720102e-03
14 156  4.6429268552268055e-05
14 157  -1.5476829011170875e-03
14 158  -2.5424390131044243e-03
14 159  -8.1491298356077850e-05
14 164  -4.1666666666385820e-02
14 175  -9.7935169112374210e-03
14 177  -1.9968597047820183e-02
14 180  -2.1698069618565637e-02
14 186  -8.7329830124372489e-03
14 211  -3.1873149755148406e-02
14 212  -3.2933683653948574e-02
15 13  -2.5404849733867035e-04
15 14  -8.3568142324190204e-05
15 15  3.7404525188945299e+06
15 46  -1.0797923390768997e-05
15 47  4.0298398708688989e-05
15 48  -9.3511312807344203e+05
15 52  1.7573644026914570e-04
15 53  -1.6018847731772941e-03
15 54  -9.3511313116736489e+05
15 61  1.7412595924255802e-04
15 62  1.7100681985343408e-03
15 63  -9.3511313127151015e+05
15 79  -7.9987260288214544e-06
15 80  -2.9851651937735685e-05
15 81  -9.3511312843331671e+05
15 154  -3.9263889216204189e-05
15 155  4.6429268552267906e-05
15 156  3.4621883250926684e-04
15 157  -3.7753363537238333e-05
15 158  -8.1491298356077999e-05
15 159  -2.9508112455597007e-04
15 164  2.5356453048352989e-14
15 175  5.9570404165043556e-15
15 177  -2.8561988771238167e-02
15 180  2.8561988771263518e-02
15 186  5.3134580069169601e-15
15 211  1.9399412631848634e-14
15 212  2.0039525594484076e-14
16 16  3.7404525186293302e+06
16 17  3.0678583993675628e-04
16 18  -2.9654256332866562e-04
16 58  -9.3511313033012766e+05
16 59  6.5738715383849245e-06
16 60  -7.0973720895691817e-04
16 64  -9.3511312934944080e+05
16 65  -2.0408784615020772e-04
16 66  2.6751120875084317e-04
16 67  -9.3511312917183130e+05
16 68  -2.0874576823991036e-04
16 69  -2.5012760685710705e-04
16 85  -9.3511312972594355e+05
16 86  1.3225479122516031e-05
16 87  8.7109991942759468e-04
16 145  4.9383561714282163e-04
16 146  4.5545558848706052e-05
16 147  -1.4416313556731102e-03
16 151  -5.4578616628336580e-04
16 152  4.0702864943754658e-05
16 153  1.5594276066373636e-03
16 165  2.5351248877925059e-14
16 179  -2.1109654140057416e-02
16 181  3.4470907312681657e-03
16 182  -3.4470907312428162e-03
16 188  1.8453538402404226e-02
16 208  -1.8453538402378879e-02
16 210  2.1109654140082763e-02
17 16  3.0678583993675628e-04
17 17  3.7404525199206378e+06
17 18  -2.4459936848595341e-04
17 58  6.5738715393987891e-06
17 59  -9.3511312864135532e+05
17 60  -2.4534022585148913e-05
17 64  -2.0408784615122172e-04
17 65  -9.3511313172723143e+05
17 66  1.8018010232895717e-03
17 67  -2.0874576823889598e-04
17 68  -9.3511313164114265e+05
17 69  -1.5041360613847310e-03
17 85  1.3225479121501950e-05
17 86  -9.3511312824966037e+05
17 87  4.9358160038187703e-05
17 145  4.5545558848705944e-05
17 146  4.9305046308834163e-04
17 147  2.7077223181478654e-05
17 151  4.0702864943754794e-05
17 152  -1.5426190884714004e-04
17 153  -1.0496695405340535e-04
17 165  -2.5342575260545175e-14
17 179  -4.6889575555653096e-15
17 181  3.1308842410261918e-02
17 182  -3.1308842410287266e-02
17 188  -5.8113236445223038e-15
17 208  -1.9536455786450801e-14
17 210  -2.0657087151931819e-14
18 16  -2.9654256332866562e-04
18 17  -2.4459936848595341e-04
18 18  3.7404525178948343e+06
18 58  9.5692945770413167e-04
18 59  -2.4534022585148859e-05
18 60  -9.3511312803802988e+05
18 64  2.6751120875084317e-04
18 65  1.3513435662852142e-04
18 66  -9.3511312942798738e+05
18 67  -2.5012760685710705e-04
18 68  1.6253060527631944e-04
18 69  -9.3511312902587536e+05
18 85  -7.9556674723345539e-04
18 86  4.9358160038187940e-05
18 87  -9.3511312763765838e+05
18 145  -1.4416313556731104e-03
18 146  2.7077223181478640e-05
18 147  -1.3965774569395344e-03
18 151  1.5594276066373636e-03
18 152  -1.0496695405340546e-04
18 153  -2.3686690013091003e-03
18 165  -4.1666666666385833e-02
18 179  -7.7097638276872153e-03
18 181  -2.3089406810160109e-02
18 182  -1.8577259856225721e-02
18 188  -9.5529197825658940e-03
18 208  -3.2113746883819939e-02
18 210  -3.3956902838698615e-02
19 1  -7.9474533730140526e+05
19 2  1.0029724645517894e-03
19 3  4.2623448781341775e-05
19 19  3.7955952478273986e+06
19 20  4.5741583204241633e-04
19 21  7.6545313422178834e-04
19 22  -8.8562825115816738e+05
19 23  1.3982416487702347e-04
19 24  -9.5090745430764572e-06
19 94  -1.0270401072856481e+06
19 95  2.2326570564667266e-04
19 96  -4.9301897599344060e-04
19 112  -1.0881815488203298e+06
19 113  -3.7327698028955675e-04
19 114  -4.5489358434850307e-04
19 142  -3.2618273175703742e-03
19 143  -1.4502011868283450e-03
19 144  1.4934505188189022e-04
19 160  7.4136877453087058e-03
19 166  3.2569912008246701e-02
19 167  2.5156224262937996e-02
19 191  1.0020873395174162e-02
19 197  2.2549038613072534e-02
19 207  3.2569912008246701e-02
20 1  -5.0136733268254174e-04
20 2  -7.9474533914046595e+05
20 3  -3.3416333135690237e-05
20 19  4.5741583204241633e-04
20 20  3.7955952470237808e+06
20 21  5.0392470340120512e-04
20 22  1.6441639621113547e-03
20 23  -8.8562825027009973e+05
20 24  -1.8104038295928076e-05
20 94  2.2326570564667279e-04
20 95  -1.0270401075264058e+06
20 96  -2.9398089171039584e-04
20 112  -3.7327698028955685e-04
20 113  -1.0881815484092371e+06
20 114  -2.6422824390514188e-04
20 142  -1.4502011868283450e-03
20 143  -1.6775518908514692e-03
20 144  1.0580480364595136e-04
20 160  2.2068423980787906e-02
20 166  1.8804247465472695e-02
20 167  -3.2641765153152164e-03
20 191  5.7855539522278926e-03
20 197  1.3018693513244797e-02
20 207  1.8804247465472695e-02
21 1  4.4999610479543774e-06
21 2  -3.3172798752434542e-05
21 3  -7.9474533759482624e+05
21 19  7.6545313422178834e-04
21 20  5.0392470340120512e-04
21 21  3.7955952475633947e+06
21 22  2.8614413190311062e-05
21 23  -1.8347572679184015e-05
21 24  -8.8562825010672165e+05
21 94  9.5035669698173802e-04
21 95  5.3935244162486742e-04
21 96  -1.0270401092212551e+06
21 112  -1.8982692573236812e-03
21 113  -1.0975615772404049e-03
21 114  -1.0881815498572320e+06
21 142  1.4934505188189085e-04
21 143  1.0580480364595154e-04
21 144  -7.8333880919248338e-04
21 160  5.6046564768778666e-04
21 166  4.8181627073331026e-04
21 167  -7.8649376954483333e-05
21 191  -1.8004154517022222e-02
21 197  1.8485970787755525e-02
21 207  4.8181627073330680e-04
22 4  -9.3511312987736682e+05
22 5  4.7416995381223512e-04
22 6  1.2329348148992813e-06
22 19  -8.8562825115816738e+05
22 20  1.6441639621113547e-03
22 21  2.8614413190311062e-05
22 22  3.3840129767511659e+06
22 23  1.0931828477983796e-04
22 24  -1.0831609943384808e-04
22 37  -2.0159065648670800e+05
22 38  -8.1321371107370526e-04
22 39  8.4225845645040896e-04
22 70  -2.0159065494557199e+05
22 71  -4.5071298595327614e-04
22 72  -5.5191638734995978e-04
22 91  -4.2328473676315078e+05
22 92  1.6283496033981943e-04
22 93  -1.7405369372903783e-04
22 94  -1.4471023042445414e+05
22 95  9.3295203957418911e-04
22 96  -7.2389870229360690e-04
22 109  -3.9315919976807642e+05
22 110  -5.1434427048606445e-04
22 111  -4.8843272524175813e-05
22 112  -1.9893611336332504e+05
22 113  1.1401652706720185e-03
22 114  7.2606494083187975e-04
22 139  -1.3313710461828423e-03
22 140  -1.9486237479278540e-03
22 141  -2.2092373838659073e-04
22 142  -2.6328974837075245e-03
22 143  -7.3670975584855540e-04
22 144  2.2978114842972015e-04
22 161  2.4239185436912055e-02
22 166  -1.1390559720037240e-02
22 167  4.3719125129692643e-02
22 172  2.6381779162405972e-02
22 183  1.9787968893384231e-02
22 190  7.8547935914581382e-03
22 191  -4.3005933311792508e-03
22 196  1.5515220724915450e-02
22 197  -2.8944222059758369e-03
22 206  4.4023888141726975e-02
22 207  1.1940114695467446e-02
23 4  2.1408366204732849e-03
23 5  -9.3511312925501470e+05
23 6  4.6013753731659194e-06
23 19  1.3982416487702347e-04
23 20  -8.8562825027009973e+05
23 21  -1.8347572679184015e-05
23 22  1.0931828477983796e-04
23 23  3.3840129786220812e+06
23 24  4.1998292773111432e-04
23 37  2.5232663051551218e-04
23 38  -2.0159065553555058e+05
23 39  -3.5141942722672785e-04
23 70  6.1482735563648150e-04
23 71  -2.0159065380195747e+05
23 72  8.4837205369181381e-04
23 91  9.9869826958145952e-05
23 92  -4.2328473695323826e+05
23 93  -2.6328142680442891e-04
23 94  -1.3258830201502884e-04
23 95  -1.4471023030266591e+05
23 96  9.2728808883967684e-05
23 109  -6.1370600653111007e-04
23 110  -3.9315920082172344e+05
23 111  -9.0308434604785559e-04
23 112  7.4624929082261723e-05
23 113  -1.9893611420938038e+05
23 114  -1.0280912042884867e-04
23 139  -1.9486237479278534e-03
23 140  1.3904647735956096e-04
23 141  -3.2385424677680769e-04
23 142  -7.3670975584855507e-04
23 143  -7.6114202237735611e-03
23 144  5.9711097428379154e-04
23 161  -8.4161959259746871e-03
23 166  1.7029841058199206e-02
23 167  7.6075318743306378e-02
23 172  1.4673142517553663e-02
23 183  3.9299756227647829e-03
23 190  1.4878732959865741e-02
23 191  1.4954755067055670e-02
23 196  4.1716357753637211e-02
23 197  2.1306322512554831e-02
23 206  3.1799583580738235e-02
23 207  7.6353441083524515e-02
24 4  1.2329348138853625e-06
24 5  4.6013753731657839e-06
24 6  -9.3511312838481390e+05
24 19  -9.5090745430764572e-06
24 20  -1.8104038295928076e-05
24 21  -8.8562825010672165e+05
24 22  -1.0831609943384808e-04
24 23  4.1998292773111432e-04
24 24  3.3840129760987256e+06
24 37  1.4433847815273177e-03
24 38  3.6063769033372109e-04
24 39  -2.0159065678471851e+05
24 70  -1.1530427124274085e-03
24 71  1.3631493613136504e-04
24 72  -2.0159065484417198e+05
24 91  5.7863249811858732e-04
24 92  1.0433396563505337e-03
24 93  -4.2328473826107010e+05
24 94  -4.9169169403349630e-04
24 95  8.2404736429971199e-04
24 96  -1.4471023041026585e+05
24 109  -7.6340597663739963e-04
24 110  -2.2099489635860749e-03
24 111  -3.9315920129891415e+05
24 112  4.9385793257230898e-04
24 113  -8.3412767584459258e-04
24 114  -1.9893611386757382e+05
24 139  -2.2092373838659130e-04
24 140  -3.2385424677680802e-04
24 141  9.5817191464638496e-04
24 142  2.2978114842972026e-04
24 143  5.9711097428379164e-04
24 144  -3.0985707639547264e-03
24 161  5.1209037010835345e-15
24 166  4.2973199601308910e-04
24 167  4.1905446548561325e-04
24 172  -2.2592831324220138e-02
24 183  1.1006389745267603e-02
24 190  -1.4861843220072640e-02
24 191  -6.2106542356737396e-03
24 196  2.8228689195839728e-02
24 197  6.6297087011757544e-03
24 206  8.0877513670574840e-03
24 207  -9.4597788289354327e-03
25 4  -9.3511312959717540e+05
25 5  5.7147443823373932e-04
25 6  1.7908003413954197e-06
25 25  3.3585483178616883e+06
25 26  -1.8326264249295399e-03
25 27  4.2340787619434873e-06
25 28  -8.1878282921749470e+05
25 29  -1.5735616820166083e-03
25 30  -1.7500154834418268e-05
25 37  -2.0159065494582950e+05
25 38  6.8352167484837648e-04
25 39  -4.3241690357801094e-04
25 70  -2.0159065505474852e+05
25 71  7.5269637985223730e-04
25 72  4.3202366410649611e-04
25 115  -3.9315922766150301e+05
25 116  2.0741534697325597e-05
25 117  7.6533247782263614e-05
25 118  -1.9893605614955630e+05
25 119  -8.8714187505386729e-04
25 120  3.9660131941916517e-04
25 133  -3.7598286664222716e+05
25 134  6.8389106231078484e-05
25 135  -5.7787414439685106e-05
25 136  -2.3339289232035138e+05
25 137  -9.0069179839762949e-04
25 138  -4.0234017801204353e-04
25 139  -6.2727555887093847e-03
25 140  3.0971986465348871e-03
25 141  -1.1384595471061672e-06
25 161  -2.4239185436912059e-02
25 168  -4.2548850198402204e-02
25 169  2.9406728592034385e-03
25 172  -1.9095818299215854e-02
25 183  -1.9787968893383488e-02
25 198  -1.0460415504017698e-02
25 199  -1.9159330332146486e-03
25 204  -1.0789922116675895e-02
25 205  -1.7491299725882262e-03
25 206  -4.2548850198402217e-02
26 4  -1.0951922284273105e-03
26 5  -9.3511312757149455e+05
26 6  -6.6833578618620277e-06
26 25  -1.8326264249295399e-03
26 26  3.3585483204266587e+06
26 27  6.7186756318374658e-05
26 28  -1.2827000701314185e-04
26 29  -8.1878283007286629e+05
26 30  -2.2838956322105253e-05
26 37  -3.8201866674123874e-04
26 38  -2.0159065397486923e+05
26 39  -2.8586260710900316e-04
26 70  -3.1284396173791764e-04
26 71  -2.0159065402563743e+05
26 72  2.8944700452606238e-04
26 115  1.2010323256933465e-04
26 116  -3.9315922780949727e+05
26 117  1.4566531860672456e-05
26 118  1.7839846653574777e-04
26 119  -1.9893605694366555e+05
26 120  2.7339556233277936e-04
26 133  1.9040240001665326e-04
26 134  -3.7598286690473452e+05
26 135  -7.3247107892273998e-05
26 136  1.6484854319252543e-04
26 137  -2.3339289323163178e+05
26 138  -2.6012403738695077e-04
26 139  3.0971986465348871e-03
26 140  -9.8922156111432326e-03
26 141  4.1602115343067006e-06
26 161  8.4161959259746871e-03
26 168  7.5430511548879114e-02
26 169  2.3993202309091834e-02
26 172  1.3871452316171543e-02
26 183  1.4691331161006779e-02
26 198  2.0694897217259027e-02
26 199  2.3137554485137463e-02
26 204  2.2326216096553570e-02
26 205  2.3730173586563333e-02
26 206  7.5430511548879114e-02
27 4  1.7908003424089861e-06
27 5  -6.6833578618618922e-06
27 6  -9.3511312810462271e+05
27 25  4.2340787619434873e-06
27 26  6.7186756318374658e-05
27 27  3.3585483157329308e+06
27 28  4.7279182656473015e-06
27 29  -2.2898695484585866e-05
27 30  -8.1878282924201363e+05
27 37  -1.0335432286545229e-03
27 38  4.2619451045025630e-04
27 39  -2.0159065441411865e+05
27 70  1.0331499891835475e-03
27 71  -4.2261011303319751e-04
27 72  -2.0159065446766565e+05
27 115  -6.3802949471714662e-04
27 116  1.3214311493674985e-03
27 117  -3.9315922859844752e+05
27 118  1.6439431116041389e-04
27 119  1.0047141177486989e-03
27 120  -1.9893605622140758e+05
27 133  6.3454725495864540e-04
27 134  -1.3800519862366203e-03
27 135  -3.7598286755566683e+05
27 136  -1.7013316975383159e-04
27 137  -9.9144259280286966e-04
27 138  -2.3339289243235829e+05
27 139  -1.1384595471061808e-06
27 140  4.1602115343067412e-06
27 141  -4.6965833008909786e-03
27 161  -5.1200363393455461e-15
27 168  2.4362895683395112e-04
27 169  3.6912848623694744e-04
27 172  -4.9353534315138368e-03
27 183  4.9353534315002843e-03
27 198  -1.1246341685172138e-02
27 199  -3.7272590931362944e-03
27 204  1.1120842155774264e-02
27 205  3.9708880499838006e-03
27 206  2.4362895683395242e-04
28 7  -7.8778664943985071e+05
28 8  -2.7378314231366459e-04
28 9  -1.0261596883206695e-05
28 25  -8.1878282921749470e+05
28 26  -1.2827000701314185e-04
28 27  4.7279182656473015e-06
28 28  3.8234560878532510e+06
28 29  -7.0383722279009965e-04
28 30  -1.1886950547116662e-04
28 118  -1.0881814813989943e+06
28 119  -2.8087284298849803e-05
28 120  6.3218098842552920e-05
28 136  -1.1287051250733281e+06
28 137  3.0555731845905005e-05
28 138  6.5024102271056918e-05
28 139  -2.7235610361131587e-03
28 140  1.1034219245698517e-03
28 141  -3.8390170248834036e-06
28 162  -1.5125473078298042e-02
28 168  -1.6166009582527209e-02
28 169  -3.1291482660825251e-02
28 199  -1.5059984174337460e-02
28 205  -1.6231498486487791e-02
28 206  -3.1291482660825251e-02
29 7  1.1715085326898015e-03
29 8  -7.8778665181700501e+05
29 9  -3.2676947375088463e-05
29 25  -1.5735616820166083e-03
29 26  -8.1878283007286629e+05
29 27  -2.2898695484585866e-05
29 28  -7.0383722279009965e-04
29 29  3.8234560892071109e+06
29 30  1.1822797458537518e-04
29 118  -2.8087284298849779e-05
29 119  -1.0881814814477819e+06
29 120  -3.8976630508467215e-05
29 136  3.0555731845905236e-05
29 137  -1.1287051250224167e+06
29 138  -3.9370949891179315e-05
29 139  1.1034219245698511e-03
29 140  -8.4701876426673535e-04
29 141  1.5695248673946375e-05
29 162  2.8834011523375218e-02
29 168  -1.0767865585751966e-02
29 169  1.8066145937623249e-02
29 199  8.6948859170708805e-03
29 205  9.3712600205523716e-03
29 206  1.8066145937623249e-02
30 7  1.1966476216858801e-05
30 8  -3.2736686537569151e-05
30 9  -7.8778664940373413e+05
30 25  -1.7500154834418268e-05
30 26  -2.2838956322105253e-05
30 27  -8.1878282924201363e+05
30 28  -1.1886950547116662e-04
30 29  1.1822797458537518e-04
30 30  3.8234560894177826e+06
30 118  -1.3801575741336398e-03
30 119  7.9435670282855357e-04
30 120  -1.0881814834046736e+06
30 136  1.5083997752472502e-03
30 137  -8.7270428322819889e-04
30 138  -1.1287051270395292e+06
30 139  -3.8390170248835663e-06
30 140  1.5695248673946362e-05
30 141  -3.2781033080785549e-04
30 162  4.4283167466135052e-04
30 168  -1.6627415171702707e-04
30 169  2.7655752294432866e-04
30 199  -2.1402230492708653e-02
30 205  2.1678788015652969e-02
30 206  2.7655752294432345e-04
31 1  -7.8630317423349293e+05
31 2  -3.5665759264145091e-05
31 3  9.8994420853343659e-04
31 31  3.8411079587269691e+06
31 32  8.9871680942796707e-04
31 33  4.0037004487473874e-04
31 34  -7.9008120701209642e+05
31 35  3.1799405226338594e-06
31 36  1.4121735713048633e-04
31 94  -1.1674915864089616e+06
31 95  -6.1035778951702853e-04
31 96  2.1708741373974426e-04
31 100  -1.0972319881095854e+06
31 101  -4.7985524277752091e-04
31 102  -3.9152872257370886e-04
31 142  -2.9628133882980473e-03
31 143  2.2398204160809301e-04
31 144  -1.3570903017046977e-03
31 160  6.3728486359641455e-03
31 170  3.0733129560674786e-02
31 171  2.4360280924710639e-02
31 191  8.0093530875626363e-03
31 193  2.2723776473112144e-02
31 207  3.0733129560674786e-02
32 1  7.3084339746986806e-07
32 2  -7.8630317456277460e+05
32 3  3.3313812919475432e-05
32 31  8.9871680942796707e-04
32 32  3.8411079588796664e+06
32 33  4.6493648702605002e-04
32 34  -3.3216662138981091e-05
32 35  -7.9008120588308363e+05
32 36  1.2023345355768331e-05
32 94  8.3301788345815030e-04
32 95  -1.1674915886139569e+06
32 96  4.8805361278195046e-04
32 100  -1.9232309157527004e-03
32 101  -1.0972319891492748e+06
32 102  -1.1109750836404229e-03
32 142  2.2398204160809334e-04
32 143  -6.7055669616288872e-04
32 144  1.1264782555717817e-04
32 160  -5.3283612410316705e-04
32 170  -4.4968485920637846e-04
32 171  8.3151264896786856e-05
32 191  -1.9165506308103930e-02
32 193  1.8715821448897545e-02
32 207  -4.4968485920637846e-04
33 1  -4.2955824145708590e-04
33 2  3.3070278536220300e-05
33 3  -7.8630317593370960e+05
33 31  4.0037004487473874e-04
33 32  4.6493648702605002e-04
33 33  3.8411079578679469e+06
33 34  1.5607198071210086e-03
33 35  1.2266879739024285e-05
33 36  -7.9008120610604458e+05
33 94  2.1708741373974418e-04
33 95  -3.4527972055331286e-04
33 96  -1.1674915866256261e+06
33 100  -3.9152872257370880e-04
33 101  -2.7764175030515960e-04
33 102  -1.0972319876807290e+06
33 142  -1.3570903017046973e-03
33 143  1.1264782555717826e-04
33 144  -1.5218181199694813e-03
33 160  2.0823761998241569e-02
33 170  1.7743780624922628e-02
33 171  -3.0799813733189459e-03
33 191  4.6242021611461858e-03
33 193  1.3119578463776444e-02
33 207  1.7743780624922628e-02
34 10  -9.3511312997830659e+05
34 11  -3.3891878981339053e-06
34 12  4.9855658264202538e-04
34 31  -7.9008120701209642e+05
34 32  -3.3216662138981091e-05
34 33  1.5607198071210086e-03
34 34  3.3509072835787060e+06
34 35  -1.9553815366990079e-04
34 36  -7.5646431115511631e-04
34 40  -2.0159065662558639e+05
34 41  9.6949644024983152e-04
34 42  -8.9884404904239730e-04
34 49  -2.0159065633579530e+05
34 50  -1.1644741630997628e-03
34 51  -3.0604183860971895e-04
34 91  -3.6136874633685849e+05
34 92  -2.1932930943838327e-04
34 93  1.9780072560882523e-04
34 94  -2.6528685450322245e+05
34 95  -7.7576297315304929e-04
34 96  9.4284575990144059e-04
34 97  -3.8914253956033813e+05
34 98  5.6432215029054945e-04
34 99  3.8618327859595215e-05
34 100  -2.0673349031213057e+05
34 101  9.2878748843039762e-04
34 102  1.4400855324811931e-03
34 142  -2.6031146600822286e-03
34 143  1.8307168452110777e-05
34 144  -2.0592179782848846e-04
34 148  -2.2135072218551917e-03
34 149  2.9586542008546227e-04
34 150  -1.7091198027229968e-03
34 157  1.9023468061933496e-03
34 158  -3.8506821811014059e-04
34 159  -8.0223493625537160e-04
34 163  2.4858914396002626e-02
34 170  -1.1370931988838888e-02
34 171  4.2067663491384140e-02
34 173  2.9661820898673134e-02
34 176  3.0290214989897327e-02
34 190  5.8968127752496852e-03
34 191  -6.1091627821246693e-03
34 192  1.7832436948650408e-03
34 193  -1.8685800876793258e-02
34 207  2.1061551595707093e-03
34 209  5.5114638169656907e-02
34 212  1.2657086037993846e-02
35 10  -3.3891878971197562e-06
35 11  -9.3511312843617541e+05
35 12  -1.2648621433864143e-05
35 31  3.1799405226338594e-06
35 32  -7.9008120588308363e+05
35 33  1.2266879739024285e-05
35 34  -1.9553815366990079e-04
35 35  3.3509072823587991e+06
35 36  -8.9892547584720221e-04
35 40  1.5706227653272801e-03
35 41  -2.0159065672288672e+05
35 42  3.6945312139445818e-04
35 49  -1.7656004881766722e-03
35 50  -2.0159065646243983e+05
35 51  5.8751575021710484e-05
35 91  4.5367816358882283e-04
35 92  -3.6136874797565769e+05
35 93  1.0334991098260994e-03
35 94  -5.4355596489347885e-04
35 95  -2.6528685435796797e+05
35 96  8.0289650185060382e-04
35 97  -1.4508192539928452e-04
35 98  -3.8914254170776729e+05
35 99  -5.0258324496548618e-04
35 100  6.9658048017028692e-04
35 101  -2.0673348932039522e+05
35 102  -1.0063170807162955e-03
35 142  1.8307168452110618e-05
35 143  -3.5685823571989074e-03
35 144  1.8592666059041084e-03
35 148  2.9586542008546259e-04
35 149  1.0598785886866513e-03
35 150  -1.2186511454652496e-04
35 157  -3.8506821811014113e-04
35 158  1.0163750312639204e-03
35 159  -1.5937942562266314e-03
35 163  -5.3490198381744847e-15
35 170  -4.1397480026480517e-04
35 171  -3.9841440732841550e-04
35 173  -2.3363996001176897e-02
35 176  2.4359192504716971e-02
35 190  -1.5093128331769474e-02
35 191  -7.2298359726864101e-03
35 192  2.0750149653316910e-02
35 193  9.5862565974134308e-03
35 207  -3.3059109929879038e-02
35 209  -5.7964356868798732e-03
35 212  2.9065638745229251e-02
36 10  2.1652232493030751e-03
36 11  -1.2648621433864184e-05
36 12  -9.3511312933429691e+05
36 31  1.4121735713048633e-04
36 32  1.2023345355768331e-05
36 33  -7.9008120610604458e+05
36 34  -7.5646431115511631e-04
36 35  -8.9892547584720221e-04
36 36  3.3509072836681195e+06
36 40  1.6669629254735990e-04
36 41  -3.4260399616599054e-04
36 42  -2.0159065547397558e+05
36 49  7.5949850297949871e-04
36 50  7.7080869258215937e-04
36 51  -2.0159065544325541e+05
36 91  5.5156873405990054e-05
36 92  -2.7312197332886263e-04
36 93  -3.6136874664287863e+05
36 94  -1.2269458168831678e-04
36 95  7.1577946434859218e-05
36 96  -2.6528685415484646e+05
36 97  -6.5902036608096688e-05
36 98  8.0428137257273211e-04
36 99  -3.8914253977420338e+05
36 100  3.7454519089197595e-04
36 101  -2.7499852530055093e-04
36 102  -2.0673348984868894e+05
36 142  -2.0592179782848814e-04
36 143  1.8592666059041080e-03
36 144  -6.9872666829005744e-03
36 148  -1.7091198027229966e-03
36 149  -1.2186511454652493e-04
36 150  3.5657322406942182e-04
36 157  -8.0223493625537160e-04
36 158  -1.5937942562266319e-03
36 159  -2.5913921812731236e-04
36 163  -8.7926596464899809e-03
36 170  1.6069330309174883e-02
36 171  7.5144671849831673e-02
36 173  1.5853714630423975e-02
36 176  3.0911282948480716e-03
36 190  1.4647447848169164e-02
36 191  1.3935573330043000e-02
36 192  6.3423251260798248e-03
36 193  2.6912901306122443e-02
36 207  7.2390126148422718e-02
36 209  2.4140263322226560e-02
36 212  4.0843864880474423e-02
37 4  -9.3511312801205390e+05
37 5  5.6654579685567313e-06
37 6  1.5180548883863111e-06
37 22  -2.0159065648670800e+05
37 23  2.5232663051551218e-04
37 24  1.4433847815273177e-03
37 25  -2.0159065494582950e+05
37 26  -3.8201866674123874e-04
37 27  -1.0335432286545229e-03
37 37  3.5658889082038715e+06
37 38  1.2577410569850195e-03
37 39  1.2609386432933478e-04
37 40  -5.3415714345847373e+05
37 41  -4.2269508585436307e-04
37 42  3.7352952454763650e-04
37 91  -8.4671866274126514e+05
37 92  9.7384367677075321e-04
37 93  -8.9760634483139977e-04
37 115  -8.4671866125699575e+05
37 116  -1.7296679312478827e-03
37 117  1.7492382213427340e-04
37 139  -3.1595869857791803e-03
37 140  -1.3136985391620083e-03
37 141  -6.8265770594252073e-04
37 142  1.8570994399127988e-03
37 143  1.3585034007656501e-03
37 144  4.9435723200149393e-04
37 161  5.8370734461188345e-16
37 167  -1.8867700098961639e-02
37 168  1.1581739235792702e-02
37 172  2.8451226834549925e-14
37 173  7.2859608631973818e-03
37 190  -2.3061444283555447e-02
37 198  1.7376146141439390e-02
37 206  2.3061444283583896e-02
37 207  -1.7376146141411530e-02
38 4  5.6654579685567160e-06
38 5  -9.3511312793428637e+05
38 6  1.6064171405309568e-03
38 22  -8.1321371107370526e-04
38 23  -2.0159065553555058e+05
38 24  3.6063769033372109e-04
38 25  6.8352167484837648e-04
38 26  -2.0159065397486923e+05
38 27  4.2619451045025630e-04
38 37  1.2577410569850195e-03
38 38  3.5658889090758073e+06
38 39  -5.3959382380575267e-04
38 40  -4.2269508585476010e-04
38 41  -5.3415714609129820e+05
38 42  8.0041805115281387e-04
38 91  -4.6953199620442551e-04
38 92  -8.4671866045365680e+05
38 93  -3.4999266735930891e-04
38 115  -2.8629225827270374e-04
38 116  -8.4671866003151936e+05
38 117  -1.0697500515731800e-04
38 139  -1.3136985391620077e-03
38 140  -4.9581188991470442e-03
38 141  -1.6977495165172505e-03
38 142  1.3585034007656501e-03
38 143  -9.6450357394906191e-05
38 144  -4.9935637962811774e-04
38 161  9.5951905237287452e-04
38 167  7.5468257217469383e-03
38 168  8.3485159230910870e-03
38 172  5.7471486177287250e-02
38 173  4.1576144532449233e-02
38 190  9.9824706190825563e-03
38 198  2.0967344087281896e-02
38 206  4.7489015558204686e-02
38 207  3.5544623037632478e-02
39 4  1.5180548873727981e-06
39 5  -6.0249526130092976e-05
39 6  -9.3511312950460671e+05
39 22  8.4225845645040896e-04
39 23  -3.5141942722672785e-04
39 24  -2.0159065678471851e+05
39 25  -4.3241690357801094e-04
39 26  -2.8586260710900316e-04
39 27  -2.0159065441411865e+05
39 37  1.2609386432933478e-04
39 38  -5.3959382380575267e-04
39 39  3.5658889088462372e+06
39 40  3.7352952454803407e-04
39 41  2.2245322862725230e-03
