res = [
0.0000000000000000e+00
              -nan
0.0000000000000000e+00
              -nan
0.0000000000000000e+00
              -nan
              -nan
              -nan
0.0000000000000000e+00
              -nan
0.0000000000000000e+00
              -nan
0.0000000000000000e+00
              -nan
0.0000000000000000e+00
              -nan
0.0000000000000000e+00
              -nan
0.0000000000000000e+00
              -nan
0.0000000000000000e+00
              -nan
0.0000000000000000e+00
              -nan
0.0000000000000000e+00
              -nan
0.0000000000000000e+00
              -nan
              -nan
              -nan
              -nan
              -nan
              -nan
              -nan
              -nan
              -nan
              -nan
              -nan
              -nan
              -nan
              -nan
              -nan
              -nan
              -nan
              -nan
              -nan
              -nan
              -nan
              -nan
              -nan
              -nan
              -nan
              -nan
              -nan
              -nan
              -nan
              -nan
              -nan
              -nan
              -nan
              -nan
              -nan
              -nan
              -nan
              -nan
              -nan
              -nan
              -nan
              -nan
              -nan
              -nan
              -nan
              -nan
              -nan
              -nan
              -nan
              -nan
              -nan
              -nan
              -nan
              -nan
              -nan
              -nan
              -nan
              -nan
              -nan
              -nan
              -nan
              -nan
              -nan
              -nan
              -nan
              -nan
              -nan
              -nan
              -nan
              -nan
              -nan
              -nan
              -nan
              -nan
              -nan
              -nan
              -nan
              -nan
              -nan
              -nan
              -nan
              -nan
              -nan
              -nan
              -nan
              -nan
              -nan
              -nan
              -nan
              -nan
              -nan
              -nan
              -nan
              -nan
              -nan
              -nan
              -nan
              -nan
              -nan
              -nan
              -nan
              -nan
              -nan
              -nan
              -nan
              -nan
              -nan
              -nan
              -nan
              -nan
              -nan
              -nan
              -nan
              -nan
              -nan
              -nan
              -nan
              -nan
              -nan
              -nan
              -nan
              -nan
              -nan
              -nan
              -nan
              -nan
              -nan
              -nan
              -nan
              -nan
              -nan
              -nan
              -nan
              -nan
              -nan
0.0000000000000000e+00
              -nan
              -nan
              -nan
              -nan
              -nan
              -nan
              -nan
              -nan
              -nan
              -nan
              -nan
              -nan
              -nan
0.0000000000000000e+00
              -nan
              -nan
              -nan
              -nan
              -nan
              -nan
              -nan
              -nan
              -nan
              -nan
              -nan
              -nan
              -nan
              -nan
              -nan
              -nan
              -nan
              -nan
              -nan
              -nan
              -nan
              -nan
              -nan
0.0000000000000000e+00
              -nan
              -nan
              -nan
              -nan
              -nan
              -nan
              -nan
              -nan
              -nan
              -nan
              -nan
              -nan
              -nan
              -nan
              -nan
              -nan
              -nan
              -nan
              -nan
              -nan
              -nan
0.0000000000000000e+00
              -nan
              -nan
              -nan
              -nan
              -nan
              -nan
              -nan
              -nan
              -nan
              -nan
              -nan
              -nan
              -nan
              -nan
              -nan
              -nan
              -nan
              -nan
              -nan
0.0000000000000000e+00
              -nan
              -nan
              -nan
              -nan
              -nan
              -nan
              -nan
              -nan
              -nan
              -nan
              -nan
              -nan
              -nan
              -nan
              -nan
              -nan
              -nan
0.0000000000000000e+00
              -nan
              -nan
              -nan
              -nan
              -nan
              -nan
              -nan
              -nan
              -nan
              -nan
              -nan
              -nan
              -nan
              -nan
              -nan
              -nan
              -nan
              -nan
              -nan
0.0000000000000000e+00
              -nan
              -nan
              -nan
              -nan
              -nan
              -nan
              -nan
              -nan
              -nan
              -nan
              -nan
              -nan
              -nan
              -nan
              -nan
              -nan
              -nan
0.0000000000000000e+00
              -nan
              -nan
              -nan
              -nan
              -nan
              -nan
              -nan
              -nan
              -nan
              -nan
              -nan
              -nan
              -nan
              -nan
              -nan
              -nan
              -nan
              -nan
              -nan
              -nan
              -nan
0.0000000000000000e+00
              -nan
              -nan
              -nan
              -nan
              -nan
              -nan
              -nan
0.0000000000000000e+00
              -nan
              -nan
              -nan
              -nan
              -nan
              -nan
              -nan
              -nan
              -nan
              -nan
              -nan
              -nan
              -nan
              -nan
              -nan
              -nan
              -nan
0.0000000000000000e+00
              -nan
              -nan
              -nan
              -nan
              -nan
              -nan
              -nan
              -nan
              -nan
              -nan
              -nan
              -nan
              -nan
              -nan
              -nan
              -nan
              -nan
0.0000000000000000e+00
              -nan
              -nan
              -nan
              -nan
              -nan
              -nan
              -nan
              -nan
              -nan
              -nan
              -nan
              -nan
              -nan
              -nan
              -nan
              -nan
              -nan
              -nan
              -nan
              -nan
              -nan
              -nan
              -nan
              -nan
              -nan
              -nan
              -nan
              -nan
              -nan
              -nan
              -nan
              -nan
              -nan
              -nan
              -nan
              -nan
              -nan
              -nan
              -nan
              -nan
              -nan
              -nan
              -nan
              -nan
              -nan
              -nan
              -nan
              -nan
              -nan
              -nan
