res = [
-1.5624607820109992e-03
0.0000000000000000e+00
-1.5624607820110548e-03
0.0000000000000000e+00
-1.5624607820110548e-03
0.0000000000000000e+00
-1.5624607820109992e-03
0.0000000000000000e+00
0.0000000000000000e+00
-1.8088775536612245e-03
1.8088775536612245e-03
1.8088775536612245e-03
];
