res = [
-4.9588376641391696e-01
-4.8572257327350599e-17
0.0000000000000000e+00
-2.2387647291566282e-13
-5.0112561416806911e-01
2.2384871734004719e-13
4.9580516890272630e-01
0.0000000000000000e+00
-3.4694469519536142e-18
-2.2387647291566282e-13
-2.2387647291566282e-13
-5.0112561416806922e-01
-2.2390422849127845e-13
5.0112561416806922e-01
-2.2390422849127845e-13
-2.2387647291566282e-13
2.2382096176443156e-13
5.0112561416806911e-01
-3.9108750765225120e-01
-2.2935308427909104e-01
-4.4971858595825864e-03
-3.0677868714866557e-01
-5.3461408438385771e-01
-1.4599920026137601e-03
3.0259468445902260e-01
-5.3102231725331961e-01
-1.0209078948163718e-03
3.7577009176273013e-01
-2.1817057323867164e-01
-2.5057395015805062e-03
-3.6951161929988480e-01
4.0183537048056606e-03
-2.1348227770321923e-01
-3.0049785167381149e-01
1.7800177235287318e-03
-5.2916876509822397e-01
-1.2195452980812149e-13
-4.5413794974189892e-01
-2.3769532658919207e-01
-1.2181922137699530e-13
-2.3769532658968018e-01
-4.5413794974208932e-01
-3.9108750765225109e-01
2.2935308427909112e-01
4.4971858595825032e-03
-3.0677868714866552e-01
5.3461408438385760e-01
1.4599920026138469e-03
-1.2189901865689023e-13
2.3769532658919207e-01
-4.5413794974189881e-01
-1.2201351040630470e-13
4.5413794974208932e-01
-2.3769532658968015e-01
-3.6951161929988485e-01
-4.0183537048056883e-03
2.1348227770321926e-01
-3.0049785167381138e-01
-1.7800177235286745e-03
5.2916876509822397e-01
-1.2206555211058401e-13
4.5413794974189881e-01
2.3769532658919204e-01
-1.2199269372459298e-13
2.3769532658968021e-01
4.5413794974208932e-01
-1.2198575483068907e-13
-2.3769532658919207e-01
4.5413794974189881e-01
-1.2206902155753596e-13
-4.5413794974208938e-01
2.3769532658968023e-01
3.0516023740621712e-01
9.4230016415331255e-04
-5.3324361208144710e-01
3.8456542019410667e-01
2.6230649579679632e-03
-2.2463671750726671e-01
3.0259468445902266e-01
5.3102231725331961e-01
1.0209078948164065e-03
3.7577009176273013e-01
2.1817057323867167e-01
2.5057395015805062e-03
3.0516023740621706e-01
-9.4230016415330908e-04
5.3324361208144710e-01
3.8456542019410661e-01
-2.6230649579678800e-03
2.2463671750726666e-01
-2.3058339343704862e-01
-3.3585444901544859e-01
-3.3107079617740376e-01
-3.5426593129428235e-01
-2.0010118016899039e-01
-2.1233628333265225e-01
-2.2959277449374141e-01
3.3305252002654367e-01
-3.3274124797845062e-01
-3.5502370151820006e-01
2.0618635721715750e-01
-2.0697918370124158e-01
-2.3058339343704851e-01
3.3585444901544870e-01
3.3107079617740381e-01
-3.5426593129428241e-01
2.0010118016899037e-01
2.1233628333265228e-01
-2.2959277449374146e-01
-3.3305252002654367e-01
3.3274124797845056e-01
-3.5502370151820001e-01
-2.0618635721715756e-01
2.0697918370124169e-01
2.2959277461710831e-01
-3.3305252240678612e-01
-3.3274124573924807e-01
3.5502370142397621e-01
-2.0618635128921201e-01
-2.0697918953919048e-01
2.2983591153094479e-01
3.3183892568943479e-01
-3.3423273318346453e-01
3.5483794388031059e-01
2.0954524664598043e-01
-2.0344186639967790e-01
2.2959277461710831e-01
3.3305252240678612e-01
3.3274124573924818e-01
3.5502370142397621e-01
2.0618635128921189e-01
2.0697918953919053e-01
2.2983591153094485e-01
-3.3183892568943474e-01
3.3423273318346453e-01
3.5483794388031065e-01
-2.0954524664598045e-01
2.0344186639967785e-01
0.0000000000000000e+00
0.0000000000000000e+00
0.0000000000000000e+00
0.0000000000000000e+00
0.0000000000000000e+00
0.0000000000000000e+00
0.0000000000000000e+00
0.0000000000000000e+00
0.0000000000000000e+00
0.0000000000000000e+00
0.0000000000000000e+00
0.0000000000000000e+00
0.0000000000000000e+00
0.0000000000000000e+00
0.0000000000000000e+00
0.0000000000000000e+00
0.0000000000000000e+00
0.0000000000000000e+00
0.0000000000000000e+00
0.0000000000000000e+00
0.0000000000000000e+00
0.0000000000000000e+00
0.0000000000000000e+00
0.0000000000000000e+00
0.0000000000000000e+00
0.0000000000000000e+00
0.0000000000000000e+00
0.0000000000000000e+00
0.0000000000000000e+00
0.0000000000000000e+00
0.0000000000000000e+00
0.0000000000000000e+00
0.0000000000000000e+00
0.0000000000000000e+00
0.0000000000000000e+00
0.0000000000000000e+00
0.0000000000000000e+00
0.0000000000000000e+00
0.0000000000000000e+00
0.0000000000000000e+00
0.0000000000000000e+00
0.0000000000000000e+00
0.0000000000000000e+00
0.0000000000000000e+00
0.0000000000000000e+00
0.0000000000000000e+00
0.0000000000000000e+00
0.0000000000000000e+00
0.0000000000000000e+00
0.0000000000000000e+00
0.0000000000000000e+00
0.0000000000000000e+00
0.0000000000000000e+00
0.0000000000000000e+00
0.0000000000000000e+00
0.0000000000000000e+00
0.0000000000000000e+00
0.0000000000000000e+00
0.0000000000000000e+00
0.0000000000000000e+00
0.0000000000000000e+00
0.0000000000000000e+00
0.0000000000000000e+00
0.0000000000000000e+00
0.0000000000000000e+00
0.0000000000000000e+00
0.0000000000000000e+00
0.0000000000000000e+00
0.0000000000000000e+00
0.0000000000000000e+00
0.0000000000000000e+00
0.0000000000000000e+00
0.0000000000000000e+00
0.0000000000000000e+00
];
