em 0.5e-2

Ov =

   3.06587188333039
   2.04839129446092
   2.02906409034039
   2.01430091935373
   2.00720506430775
   2.00364544918443
   2.00184218402899
   2.00094327922264

Op =

   1.83366205069319
   1.11536526241820
   1.05519167647125
   1.02602825413030
   1.01263156707044
   1.00622348927296
   1.00308921392103
   1.00153904401157









